,MUE_1,MUE_2,MUE_3,MUE_4,MUE_5,MUE_6,MUE_7,MUE_8,MUE_9,MUE_10,MUE_11,MUE_12,MUE_13,MUE_14,MUE_15,MUE_16,MUE_17,MUE_18,MUE_19,MUE_20,MUE_21,MUE_22,MUE_23,MUE_24,MUE_25,MUE_26,MUE_27,MUE_28,MUE_29,MUE_30,MUE_31,MUE_32,MUE_33,MUE_34,MUE_35,MUE_36
FUE_1,0.38745332312073294,0.32025093866722854,0.4854604280722056,0.5252417821798838,0.36542025744757467,0.45663593136996733,0.6829767468139156,0.11747733526061607,0.6125733222317484,0.6927362380559062,0.19374615816638427,0.5050611356733908,0.48162556239059645,0.6430848782991341,0.5411580956376302,0.6598997950370428,0.4710394197566639,0.6275694519528863,0.4919021486809279,0.6265793813226909,0.42352693309444217,0.4539858470745182,0.6128009925364053,0.6543652210451507,0.5167839195671536,0.5318643623763697,0.4976041134872035,0.4148962617504732,0.7059953754579473,0.5011945565866344,0.49777812194245835,0.19311000190063635,0.535750167488931,0.4777568748824827,0.4445779376886162,0.6479835347402141
FUE_2,0.370005947910345,0.30288801225005363,0.46753475882320167,0.5067873204614044,0.348010854403225,0.43893228523821526,0.6530390263459726,0.10015707547016255,0.5908369450113423,0.6609133585772237,0.17642169926384854,0.4869156552133709,0.4637355431501949,0.6187488579929188,0.522381363854866,0.6335671256958858,0.45323735855317754,0.6046983611610426,0.47391154712847783,0.6037911137375449,0.40598028805565345,0.436298000114129,0.5910491906940537,0.6287420639061636,0.49847087698396364,0.5132854081286926,0.4795502995327472,0.39737874614234897,0.6712122085334797,0.48309794124460304,0.4797222886823005,0.17578560305571742,0.5170919746288427,0.4599007085927792,0.42694113681685475,0.6231135137489299
FUE_3,0.33851997402566364,0.2713325206694479,0.4364422024251512,0.4761291009728731,0.31649362411495635,0.4076571710751806,0.6316460180208571,0.06856645474589258,0.562859689839246,0.6410094952735051,0.1448345360230429,0.45600372521426286,0.432613681350713,0.5928768409780726,0.49198752935767087,0.6093007079869014,0.42204317994501167,0.5776420456150962,0.44287235950202575,0.5766676841813503,0.37457601139749375,0.40500989078453065,0.5630844751126134,0.603906235126205,0.4676965630857418,0.482729348989656,0.44856305766628257,0.36595049886266856,0.653627676372092,0.45214586680535174,0.4487367060583063,0.14419839036469229,0.4866009209838817,0.4287510159008691,0.39561103700743105,0.5976718852901292
FUE_4,0.41242340722868265,0.3452338438053397,0.5103576222629586,0.5500578439603465,0.3903961082974851,0.4815670191674886,0.7058827378454665,0.14246671251953152,0.6368727979003702,0.7153002263741219,0.2187348986247355,0.5299246742296542,0.5065282056544627,0.6669588401021621,0.5659244286883497,0.6834368681949682,0.4959554961768186,0.651684998262197,0.5167894113201918,0.6507084466577202,0.4484819274165532,0.47891934289160637,0.6370979865271043,0.6780230243205486,0.5416217356499743,0.5566612394728352,0.522481699317153,0.43985568606012126,0.728005207272527,0.526065585543639,0.5226553985135775,0.2180987514670532,0.5605348169822909,0.5026646901264124,0.4695192101663277,0.671768263053744
FUE_5,0.6042118529087708,0.5370302210766466,0.7021010249239932,0.7417512089651641,0.5821881211870638,0.6733313562320431,0.8964274667291854,0.3342670946893412,0.8282499875467362,0.9056450802653996,0.41053488671775784,0.721647307463545,0.6982749727110189,0.8580787048551967,0.7575871753381366,0.8743549661685869,0.6877105592117679,0.8429506167335847,0.7085266831990984,0.841982247963869,0.640261041306149,0.6706851679630839,0.8284736673108516,0.8690132310928216,0.7333285072112911,0.748342787702025,0.7142129991683825,0.6316375391577828,0.9180298128726154,0.717792839672893,0.7143865075306328,0.40989874519645303,0.7522088366681321,0.6944146509290678,0.6612898413600172,0.8628345168805152
FUE_6,0.35334676350703287,0.2861904292404154,0.4510925244305253,0.4905838960030674,0.3313344076411354,0.4223894548631169,0.6417528389802104,0.08344008141775901,0.5760911771445396,0.6503858343577482,0.1597066159012718,0.47057282389927024,0.4472771692198383,0.6051278791446129,0.5063229427682382,0.6207922275468553,0.43673914274625053,0.59044678480476,0.4574986961831529,0.5895036358416573,0.389366205499198,0.4197480039459274,0.5763101742259412,0.6156682767728012,0.48220369322981593,0.4971380465939638,0.46316603783235,0.38075143305443965,0.6618487960244515,0.4667330285353615,0.4633389400001598,0.15907049236607168,0.5009802650778582,0.44342700407149493,0.41036798173709693,0.6097203300691353
FUE_7,0.31675080330262145,0.249482557064951,0.4151339131022022,0.4553369600229526,0.29468810364230735,0.3861342423434076,0.6241022844337821,0.0466757374738744,0.5454350838168746,0.6360979305595715,0.12294782763739574,0.4349091410281774,0.4112708455066679,0.5783384248641189,0.47151341346491626,0.5971255315156793,0.40061524318405095,0.5614519866700487,0.4216270736117395,0.5603862209272676,0.3529020350583395,0.3834717346200431,0.545676397969602,0.5908758619358636,0.446765697347742,0.46205974743401595,0.4273792070730746,0.34424856404957804,0.6531855084859497,0.43100367083164615,0.42755481964141123,0.12231162463911081,0.46600951998294154,0.4073754041008261,0.37402372390976224,0.5837524751214515
FUE_8,0.5041738618705249,0.43701352651408737,0.6019422793261575,0.64145869002556,0.48215970695432375,0.5732286936145627,0.7931672529683748,0.23426115710656384,0.7271210994634095,0.8018877479235298,0.31052789055054203,0.6214329884464738,0.5981252356661,0.7562802483408246,0.6572129915228018,0.7720383128263114,0.5875830431481174,0.7415302078136654,0.6083515262747627,0.7405831565175456,0.5401980068580712,0.5705864943031873,0.7273408243200059,0.7668810960164852,0.6330717918640925,0.6480187339873273,0.6140218615198808,0.5315818544146909,0.8134872763293134,0.6175908791172361,0.6141948593150441,0.3098917641697224,0.6518647032428131,0.5942734671387585,0.5612040540236055,0.7608977938151523
FUE_9,0.3598462234746195,0.2925948560817133,0.4581327207160972,0.49822690595709856,0.337791119938401,0.42917811329010414,0.6639475364724441,0.08979654405606496,0.5875973348357288,0.6752781212258204,0.1660677975340498,0.47786296099573006,0.4542769143098768,0.6198524308939273,0.5143359336697111,0.6380914353559061,0.4436391856013268,0.6033397683158395,0.46461263070801057,0.6022944673459006,0.3959775457415888,0.42651879795125863,0.587835001762777,0.6320419326543067,0.4896849710392836,0.5049237450302808,0.47035183338663755,0.38732992458982346,0.6911882167324838,0.47396752410419535,0.4705270323749037,0.1654316065033484,0.5088569374388464,0.4503883590427846,0.41708108868535987,0.6251244381056195
FUE_10,0.37004417391796146,0.30278729027677087,0.468362226411487,0.5084919286879395,0.34798658798251897,0.43939290460852626,0.6751892841684476,0.09998619748023477,0.5980987150651838,0.6867289749575757,0.17625772444727142,0.48810714929425447,0.46450404951219865,0.6305628155829975,0.5246229339058864,0.648977403346837,0.4538604849878128,0.6139298194752626,0.4748464617032244,0.6128779161003229,0.4061820016139635,0.4367325466026914,0.59833756198885,0.6428638978042528,0.4999404294071064,0.5151972275302689,0.4805898847222591,0.3975324691637744,0.7030055942883214,0.4842084384474193,0.48076521868490135,0.1756215295047196,0.5191358242270301,0.46061324602152826,0.42729147253236066,0.6358804255222884
FUE_11,0.38175805877548336,0.31458201529754615,0.479615517570023,0.5192305170403184,0.3597368402512053,0.45086058326311823,0.6731119747669124,0.11182171109311777,0.6055080674887665,0.6821937614517989,0.18808922540887318,0.49914719007038805,0.47579183277763853,0.6351581181624283,0.5350449771787482,0.6512951482266469,0.46523325781986985,0.6201310785636774,0.48603686235730886,0.6191683945434431,0.41780067381473723,0.4482154426240499,0.6057306960098044,0.6460030861807747,0.5108172376046691,0.525813793606069,0.49171897722159313,0.4091791010058764,0.694362365431088,0.495295972092244,0.4918923513500888,0.18745308785959924,0.5296745545864281,0.47193375853460817,0.4388235000545286,0.6398768619515659
FUE_12,0.5239744636334881,0.45677236093646234,0.6219799656827985,0.6617595334984957,0.5019415246978649,0.5931562145508726,0.8194517885825006,0.2539988997406738,0.7490796470311413,0.8292034982533691,0.3302677086547631,0.6415799325606879,0.6181452198929137,0.7795817220697107,0.6776747509678761,0.7963890879980461,0.6075593727750326,0.7640716862266659,0.6284214677492507,0.7630819166521602,0.5600477419205195,0.5905061832106242,0.7493072622217086,0.7908572245080407,0.6533021500706321,0.6683816909773156,0.6341232195864513,0.551417167959594,0.8424499391181427,0.6377135183628054,0.6342972212349516,0.32963155258913696,0.672267226599771,0.6142766461704933,0.581098444829194,0.7844783823239545
FUE_13,0.36306616293660443,0.2958155658210934,0.46134825534368956,0.5014374857228574,0.3410114060279323,0.4323957016022833,0.667023094022619,0.09301764212558901,0.5907750219904778,0.6783250798061007,0.16928885741040636,0.4810764469174385,0.45749277975013897,0.623001148715033,0.517543449019478,0.6412159005333219,0.44685586551556533,0.6065051517734482,0.46782756175760865,0.6054607662538695,0.3991965768976792,0.42973653180911053,0.5910125250556044,0.6351752294002889,0.4928968847843372,0.5081331450708461,0.47356617555035513,0.390549222595583,0.6941853058246996,0.47718146680324136,0.4737413557056908,0.16865266692599962,0.5120655839391436,0.45360453824556335,0.42029929225427554,0.6282668496103125
FUE_14,0.326819064887341,0.2595913942609459,0.42497021725734296,0.46491249221304515,0.30477462391395876,0.3960786772896779,0.6266240231797843,0.05680503206609112,0.5532833442265797,0.6371361285083127,0.13307511015347886,0.4446376036880564,0.42112456579512336,0.5846705948111874,0.48092774530254934,0.6021918227250568,0.41051184570533106,0.5686557803291243,0.43143160331232977,0.5676379367046047,0.3629224551480832,0.3934238338892412,0.5535160696800173,0.596402784791792,0.45641142074585894,0.47157321438542965,0.437152738028206,0.35428303885250206,0.6516430576019312,0.4407561753784381,0.4373273592745784,0.1324389359347857,0.47548334786926477,0.41724564354562643,0.38400055874180694,0.5897552009856168
FUE_15,0.39451185050132664,0.3272637517507162,0.49277965848490163,0.5328528258144091,0.372458217849658,0.46383376410417115,0.6980027576412691,0.12446708763807741,0.6220838638003665,0.7092129669838984,0.20073817903854888,0.5125012077584392,0.4889252555357439,0.6542163894041209,0.548948857331019,0.6723529195682576,0.47829098229611916,0.6377742176071104,0.4992570078872868,0.6367327904684204,0.43063931857372384,0.46117506629818517,0.6223208369090887,0.6663407180400227,0.5243165489454472,0.5395446614278218,0.5049937123820389,0.4219928297206628,0.7249135756088956,0.5086077085253361,0.5051688314781051,0.2001019903261152,0.5434746580741922,0.48503803141329915,0.45173934999159737,0.6594617384133268
FUE_16,0.5029168682217741,0.4879108399881759,0.41982135342686827,0.5789039107962831,0.5062318608719742,0.5397156286376278,0.7034589738150677,0.426856649765662,0.6025966908294413,0.7027680001476988,0.41689057882199093,0.5340398069680109,0.5087968906893965,0.6711929475412546,0.5984846379810936,0.6591372247563761,0.3699005285641793,0.6174271124304849,0.5811337497510991,0.6089630937891604,0.511558818377995,0.5124823182062864,0.5877003409277681,0.6757210331871801,0.5748984837070118,0.47396521965159294,0.5148943915977731,0.17885307917009335,0.7183850612412643,0.40565768158500126,0.4637712941867567,0.44490831616364945,0.5505362010492951,0.439885137461117,0.37485107613280544,0.6433334210587569
FUE_17,0.4561906211035285,0.44126618418325364,0.3733777261457143,0.5312845742036059,0.45948483597047357,0.49268506836021164,0.6484358601077782,0.3804007961743398,0.5544026530014148,0.6478333171523941,0.37045165657418655,0.48706837697489275,0.46203302743393126,0.6195044430001373,0.5504060073984756,0.6083471496537827,0.32351359393583634,0.56875068786328,0.5334688602313636,0.5605753332808187,0.464776047470465,0.4656930395655777,0.5398917755890816,0.6236520562160521,0.5273571129245311,0.4273808903574631,0.4680876625647766,0.13251090183383582,0.6612328235215473,0.35923490011371495,0.41722337656040526,0.39841409487653334,0.5033772436536527,0.3934027143816754,0.32846030334854726,0.5935027992910608
FUE_18,0.48529230747122926,0.47020116108888904,0.4019029125032177,0.5622259778520653,0.48862901200799075,0.522410530420737,0.6958520378431036,0.40895086681959575,0.5865427590341525,0.695037779232873,0.3989672680772684,0.5166723871937541,0.491211647910876,0.6592058675027571,0.5823044447061279,0.6460573150322558,0.35192345856086726,0.6019062209913311,0.564504846506568,0.5931221966430072,0.49399335679386813,0.494923667822705,0.5712265622951825,0.6642073075339309,0.5581368045983184,0.4561927509925858,0.4973540124503178,0.16082979873622813,0.7138770389198614,0.387717670369308,0.4459609863393297,0.42704228798332144,0.5333668437780368,0.4220068793015492,0.3568779720026146,0.6291235951196279
FUE_19,0.44520092751362594,0.4302873356512201,0.3624256660987712,0.5201772043061661,0.44849238315038686,0.48165506552837467,0.6364219139702623,0.3694471041197654,0.5432205489039118,0.6358295111144076,0.35950022466593023,0.4760461892990755,0.4510383392836683,0.6078840719918333,0.5392388492033874,0.596836862851847,0.31256910609599065,0.5575064450385192,0.5223555385073657,0.5493682102956535,0.45377885009134983,0.4546949787441767,0.528759713355854,0.6119855936411817,0.5162599411198479,0.4164100706065367,0.45708728693330614,0.12157239749504281,0.6489794531546283,0.34828562346014225,0.40625740700553414,0.38745528370434673,0.4923302993046738,0.3824454769812898,0.3175153026183412,0.5821120353346536
FUE_20,0.6059496887604884,0.5908746951614138,0.522615988425103,0.682702524454473,0.6092822702276772,0.6430071299374303,0.8144809658741051,0.5296615481995213,0.7068988977017139,0.8136932557669604,0.5196812651318805,0.6372808637467441,0.6118615619051501,0.7787533806342243,0.7026850245404145,0.7658262346715584,0.47264762041550423,0.722158740287819,0.6849719670506877,0.7134370074462432,0.6146395125050171,0.6155685292343249,0.691663820818729,0.7836579670909707,0.6786294378878298,0.5768781892990916,0.6179954013081062,0.28156269244579896,0.8318251388969737,0.5084348259009435,0.5666535938955317,0.5477454463191014,0.653937541345648,0.5427123524025188,0.47760138422997184,0.7491182360392448
FUE_21,0.4780433952461302,0.4630787881382768,0.39509124434634807,0.5535753224874653,0.4813478355111439,0.5146874336196235,0.6742359476326695,0.40212034522303225,0.5769735660934122,0.6735927658576284,0.3921628537744186,0.5090417042989779,0.4839043124013586,0.6437507563177446,0.5729207648306236,0.6321673292631397,0.3451991397220463,0.591555753110359,0.5557818631388058,0.5832403907293515,0.4866566347379863,0.4875768282190643,0.562274916658918,0.6480778698690945,0.549609752382661,0.4491637765523844,0.48998003486017666,0.15417435517160816,0.6880020765302067,0.38093813437674706,0.43898831883388134,0.4201525656376573,0.5254426149867317,0.4151353672676051,0.3501477433003572,0.6168643769404667
FUE_22,0.6938783526906904,0.6787944260282865,0.6105138469291477,0.7707311265968402,0.697213214198129,0.7309693991865386,0.903523302127182,0.6175607314059258,0.7949939721540525,0.9027211205675766,0.607578614043258,0.7252365675009356,0.6997943551693584,0.8672933911428694,0.7907666106187858,0.8542446740707764,0.5605393456955097,0.8103109732661442,0.7730057749857321,0.8015548842251686,0.702574383976811,0.7035041163985924,0.7797141185535934,0.8722510979995552,0.7666491549228666,0.6647913360470579,0.7059329086142024,0.36944958654182763,0.9212376441898422,0.5963304274420063,0.6545627751315933,0.635648791258523,0.7419141269896714,0.6306144168420723,0.5654935242518335,0.8374125371287982
FUE_23,0.566759313191475,0.5517697908209526,0.48372089957026404,0.6425645677717494,0.5700700997902557,0.6034963609094768,0.7655317220087597,0.49075372989938737,0.6661392802512731,0.7648605873873382,0.4807910738546783,0.5978325490531637,0.5726317202052355,0.7339990142871031,0.6620510054696125,0.7221357348241441,0.43381150445830396,0.6808699382221955,0.644785079421701,0.6724656916261932,0.5753898186381741,0.5763120002817734,0.6513222167861337,0.7384449520815819,0.6385750923444581,0.5378363635465389,0.5787205384448143,0.24277307274695734,0.7799735965738263,0.4695614313852552,0.5276497930268816,0.5087976551718648,0.6142908239800128,0.5037768572940756,0.43876127847882906,0.7065350778146459
FUE_24,0.4681261666926369,0.4531798579888018,0.3852374228143432,0.5434581753236879,0.4714259480508939,0.5047020072152374,0.6624896369259969,0.39226377926100575,0.5667281385689346,0.6618655992269844,0.38231008841118896,0.49906952302837626,0.47397864962463954,0.6327317545818621,0.5627010743084628,0.6213461329576347,0.335358045597341,0.581202876280453,0.5456545374390244,0.5729517875544307,0.47672673297724655,0.47764546753355835,0.5521154993130173,0.6369753322003759,0.53951003042282,0.4392783794136033,0.4800447622675864,0.14434331090451735,0.675797279471828,0.3710889923787068,0.42911109139971343,0.4102873881318188,0.5154284380878212,0.4052728377103924,0.3403057874301828,0.60625525774686
FUE_25,0.5151444421755559,0.5001782422394679,0.43218677400470396,0.5906938045704385,0.518449288066446,0.5517944214198784,0.7114987747802497,0.43921611355924567,0.6141032673526834,0.7108538731471085,0.42925829158279316,0.5461475377389307,0.5210060936769844,0.6809486416714715,0.6100482131867204,0.6693476930447266,0.38229356264953074,0.6286948708118619,0.5929012345129042,0.620373873639582,0.5237587851313896,0.5246791056574156,0.599397092877957,0.6852831728041339,0.5867267124006528,0.4862620529634026,0.5270826529679329,0.19126790437005398,0.725306263431397,0.41803325709096567,0.47608588442140376,0.45724908297672756,0.5625521094012942,0.4522316542852569,0.3872422411545569,0.65402602127357
FUE_26,0.5332006263992101,0.5182132227566836,0.45016954506908985,0.6089825876121802,0.5365108732002056,0.5699297580817422,0.7317494595555405,0.4572020585862038,0.632542212035846,0.731080792382137,0.447239841262477,0.5642674860682917,0.5390720560878307,0.700308539788018,0.6284569733337787,0.688469547657336,0.40026161853709136,0.6472601458387592,0.6112019061508259,0.6388635200331172,0.5418296631456169,0.5427516756457994,0.6177352772080305,0.7047441354844803,0.604995153118487,0.5042813610116541,0.5451597602042196,0.20922434569707443,0.7461313805994845,0.4360106169664833,0.4940957349959995,0.4752449894353115,0.5807208746738453,0.47022449738310973,0.4052112931568904,0.6728946195107196
FUE_27,0.4028273228364163,0.38765816516067997,0.31916943584404106,0.48064238500638745,0.40618395876974484,0.4402401442890257,0.6242311412078987,0.32622890539477445,0.5055543674488966,0.6232597518423455,0.3162293624123183,0.4344443045684466,0.4087827666300217,0.582398869185971,0.5011946881057451,0.5680721860151551,0.26913670326261263,0.5214354981041445,0.48296760573075814,0.5123396627843753,0.411582655737184,0.4125192292418483,0.4898364373150963,0.5879240026473564,0.4764742009875842,0.37359233696280897,0.4149663795486337,0.07800111666189503,0.6464497899851922,0.304964580913916,0.36332602304017547,0.34435652103488873,0.4513225057312664,0.33930997300418897,0.27409481767598276,0.5499637374108108
FUE_28,0.45983664577972294,0.4448576916993404,0.37683481191461415,0.5355258054405638,0.4631447400743136,0.4965342205519287,0.6575017233231432,0.38386606136312457,0.5590254095709615,0.6568427253184573,0.3739055945288884,0.4908780855042997,0.4657041783381657,0.6264217500935139,0.5549522426531376,0.6146787001835107,0.32693274537800143,0.5736927821179992,0.5377403751790947,0.5653264324930134,0.46845982612806725,0.4693811642176464,0.5442587585821193,0.6308165468626582,0.5315464952711048,0.430932074250337,0.47178744020296165,0.13590009720032284,0.6716492750800882,0.3626780387945355,0.42075021587265976,0.4019050247042562,0.5073120024981909,0.39688575278872035,0.33188202334296657,0.5992056085439136
FUE_29,0.44287685691011225,0.4278693204491182,0.3597761263127196,0.5188805389344999,0.4461922339581824,0.4796812601563139,0.6435831955349147,0.36681164779823094,0.5425841540190143,0.642890352690103,0.35684526507679554,0.4740043398719387,0.44875757538695815,0.6112485036972168,0.5384699172783002,0.5991749052404177,0.3098542580390434,0.5574237481960704,0.521111233050269,0.5489542320264583,0.45151985308242065,0.45244347340259744,0.5276805255650246,0.6157842380612466,0.5148736496591722,0.4139225862449594,0.45485586995382665,0.11880598557492468,0.6585551041465537,0.3456120706990624,0.4037279890005731,0.384864021023488,0.4905042217448771,0.3798406249223518,0.31480487621762554,0.5833522961962829
FUE_30,0.4886678684476958,0.47356078732789975,0.405223564847533,0.5657804873763491,0.49200864169560027,0.5258461253900255,0.7012952235506381,0.4122738779327284,0.5902169885144462,0.7004530228199632,0.4022870130974074,0.5200962422054826,0.49459457812182256,0.6636960733433812,0.5859543357861405,0.6503220064384065,0.3552331929058681,0.6056838435654094,0.5680687118032433,0.5968376230702769,0.49737999658990456,0.4983115852490192,0.5748200853449629,0.6687966679367389,0.5616753538178654,0.4595406388785386,0.5007453579648968,0.16413093617985125,0.7200451325537937,0.39103430446031273,0.4493018069984098,0.43037271090694873,0.536828057001162,0.42533502149856944,0.36018844449924886,0.6331600131005471
FUE_31,0.564669954486328,0.5918355538358292,0.14290003485309677,0.6664539001740527,0.5830109849594161,0.6377063275810766,0.7583391072145029,0.5463756875328232,0.6644346519676305,0.7557588675433844,0.554903468428134,0.5283844507980415,0.49849715595726507,0.7093499192506468,0.6358235412438089,0.7069884125600452,0.49841983633572756,0.610505586425211,0.6580804831848915,0.616857528982594,0.557165502734876,0.5354438335213232,0.6002283455093546,0.7094090581925071,0.6066633193427398,0.3845934638036142,0.49177492793200384,0.4120612693122147,0.7731272684750489,0.3913368948781647,0.3280084784206117,0.553719023856467,0.5302063209207751,0.5665666210888104,0.5307938629044966,0.6520095746185397
FUE_32,0.47765669517358184,0.504223786388692,0.05701267847618432,0.5751015795877397,0.4956218500315853,0.5483001698977431,0.6517510024993846,0.4596443228097214,0.5732474991396284,0.6498820360265796,0.4680506663683507,0.4418618091537542,0.4122140198473315,0.6130939595622531,0.5465181397232312,0.6110847836834616,0.4121371852319877,0.5223101927929439,0.5673824190601753,0.5284223663221442,0.47027768116693275,0.4488462260910137,0.5123747902636162,0.6131441304367358,0.5186020645875128,0.2986420643129888,0.4055318267804161,0.326074181433929,0.6620411734462975,0.30537811420843713,0.2420958379578043,0.4668840713475007,0.4436651197021404,0.47951926825425906,0.4442465623192823,0.5617380401034636
FUE_33,0.5230995074341287,0.5498476984187625,0.10211155207492419,0.6218304123847282,0.5411785366747636,0.5944598878651578,0.7025216726962822,0.5050014223027076,0.6199285136248406,0.7004796875054434,0.5134447227363138,0.48715527250935653,0.45743428156269783,0.6612023940318524,0.5926480546271705,0.6590966496089065,0.45735729851590956,0.568109549706952,0.613921313366407,0.5742934720063096,0.515682385786537,0.4941625620912496,0.5580715242894292,0.6612550178105743,0.5643611982187764,0.34376061615051806,0.45073983351929703,0.3712036930775757,0.7138722549115462,0.3504989331382503,0.28720248213693206,0.5122726986860386,0.4889642474875589,0.5249724289168088,0.489547551394286,0.6081523537139877
FUE_34,0.8005345619301685,0.8275021920821811,0.3791336608056067,0.9008545927933992,0.8187514104501009,0.8727718719823365,0.9870565662369556,0.7823331025843081,0.8988922945989212,0.9847609521608206,0.7908209370063315,0.7644104042162515,0.7346015682356994,0.9420149708713741,0.8709231391632147,0.9397810869668521,0.7345244072926371,0.8459779656213203,0.8927061916763629,0.8522497536389313,0.7930714421558632,0.7714451879620976,0.8358146505281201,0.942070855426787,0.8421804525996662,0.620806218058311,0.727892435602744,0.6482623864968594,1.0,0.6275472426831284,0.5642338659773226,0.7896423672298399,0.7662261861026542,0.8024199851261888,0.7668117270026461,0.8867811543689418
FUE_35,0.5026841433249265,0.5294249502630047,0.0817101556410858,0.6013621698483007,0.5207585318973929,0.5740151736630232,0.6818803537893955,0.4845895459080826,0.5994622558315079,0.6798459968622533,0.49303134309714497,0.46674598257634037,0.4370279637826483,0.6406762646675012,0.5722045669442265,0.6385746117618099,0.4369509867591531,0.5476796286572124,0.5934609458971829,0.5538606120611834,0.4952685728661186,0.4737523427982235,0.5376458011994459,0.6407287844408771,0.5439329233497765,0.3233584225337355,0.43033401299588453,0.35080105536584655,0.6931837439487538,0.33009664766421576,0.2668007709384814,0.49185953992905757,0.46855472742786397,0.5045566434159999,0.46913795571234557,0.5876971391737429
FUE_36,0.6318102757821585,0.6587772055867661,0.2104106860210958,0.7321251795851087,0.6500266847309562,0.7040447724871861,0.8183083424978873,0.613609145518042,0.7301630786223252,0.8160136305917356,0.6220968382363539,0.5956866904887497,0.5658781333945986,0.7732796316177637,0.7021961588358286,0.7710461779085376,0.5658009730159202,0.677252294044364,0.7239775587953274,0.683523800002251,0.6243473025047903,0.6027213868678082,0.6670893804696713,0.7733355052145925,0.6734549386664942,0.4520831688974701,0.5591690473438538,0.4795392958780217,0.8312460270368979,0.45882418494848753,0.3955108618323243,0.6209182892941091,0.5975024507487263,0.6336956591437447,0.5980879845409938,0.7180530288456743
FUE_37,0.7841610618413247,0.8111877971091125,0.36264963997468574,0.8849150877870504,0.8024150009774811,0.856636141807489,0.9727357165291671,0.7659318493107955,0.882936038345467,0.9703615035692955,0.7744316328334606,0.7479886368544691,0.7181562983259492,0.9265808862265001,0.8547773191173306,0.9243101736148488,0.7180790898296047,0.8297214416815871,0.8767004383588974,0.8360170718077605,0.7766855856883285,0.7550307850701928,0.8195242025180509,0.926637709222549,0.825910607225237,0.6043284603710062,0.7114432409413671,0.6317881202120287,0.9861823747623146,0.6110702070259213,0.5477523174834736,0.7732513060750141,0.7498062416313578,0.7860498453219287,0.7503923816527446,0.8707323650660743
FUE_38,0.45372777380639934,0.48064547088511494,0.03242047465088355,0.5536831560842965,0.47191327741595923,0.5257647347385805,0.6385648003025575,0.4355497906559943,0.5517348471051631,0.6363318923773206,0.44402751509284083,0.41764445724996885,0.3878555287535324,0.5944246327641873,0.523924475596217,0.5922210664467358,0.38777840810366015,0.4990724374452355,0.5455901197789983,0.5053241416141321,0.44627510383892544,0.424673005849028,0.4889377230517771,0.5944797452117903,0.4952861520766176,0.2740877194355596,0.381149721858252,0.30154092685085104,0.6511100656740242,0.2808281316890866,0.2175185826423631,0.4428504316552124,0.41945869565641275,0.45561035585831255,0.4200437292856217,0.5397011056073278
FUE_39,0.57574582326613,0.6025586792699644,0.15463574907864303,0.6749414426984687,0.593865484052132,0.6473636718167055,0.7571809578491518,0.5576172204995156,0.6730220322718518,0.7550698370153344,0.56607367236294,0.5397484496875204,0.5100014756483352,0.7148265626531259,0.6455410557038095,0.7126843960141892,0.5099244399569485,0.6208834172227742,0.6669628927011614,0.6270931257802895,0.5683151266264445,0.5467638663489358,0.6108085787025709,0.7148801125803923,0.6171206270552052,0.39629177580861114,0.5033026816628573,0.42373873186502853,0.7689611257383857,0.4030308951393595,0.33972942821556734,0.5648997156900243,0.5415594369718195,0.5776224330554862,0.5421434021608457,0.6611485349049325
FUE_40,0.507470706605444,0.5344514183350224,0.08604531860139479,0.6078865704639903,0.5256957654078257,0.5797605836461228,0.6944414622634053,0.4892631014279315,0.6059205828543238,0.6921288743450936,0.4977535821885168,0.4713358589439646,0.4415218154538574,0.649157907266172,0.5779096232581851,0.6469159615006459,0.44144464397278205,0.5529399910709946,0.5997235738780367,0.5592170495308366,0.5000048508205105,0.4783722741403313,0.5427691741821207,0.6492139971996644,0.5491395325899612,0.3277192644034963,0.43481181305817107,0.3551762068452268,0.7074931777137752,0.3344604490966945,0.27114607190718504,0.49657462332193153,0.47315204466898275,0.5093568737801752,0.47373771829485184,0.5937890487108071
FUE_41,0.46995925252221227,0.4964863982667676,0.04939148554484415,0.5671234820138469,0.4878992735903339,0.5404454139537367,0.6429346491174187,0.45196583482775976,0.5652797130019237,0.6411002555810649,0.460364001822439,0.4341974141355355,0.4045658576781361,0.6048224162156458,0.5386698802546439,0.6028335286021832,0.40448905600163254,0.514534239718147,0.5594453355626803,0.5206306796273873,0.4625886618223548,0.4411767636601121,0.5046213790837515,0.6048720722441473,0.5108349415323994,0.29101649508717276,0.3978863844664772,0.31844617555184795,0.6530153911189162,0.29775204090528734,0.2344729167075984,0.4591986075865781,0.4359994695257848,0.4718195392662261,0.4365804997373323,0.5538279394240823
FUE_42,0.5700652683825586,0.5969403062690853,0.14883810493512875,0.6697105553804067,0.5882239858614832,0.6419314430185927,0.7534965633893036,0.5519073632430426,0.6677740817242223,0.7513147491634489,0.5603764394178666,0.5340168901396242,0.5042450070871435,0.7100998593248014,0.6400983868837891,0.7079216370413028,0.5041679209477554,0.6153256361375465,0.6616643878500872,0.6215602243231517,0.5626215338981659,0.5410401020534298,0.6052153134418355,0.710154326619619,0.6115489236693956,0.39050079563108603,0.4975420487716019,0.41795146503195973,0.765719534519731,0.3972406829779302,0.3339344150434311,0.5592006272598344,0.5358298073846752,0.5719454214867457,0.5364144068220743,0.6558059096893629
FUE_43,0.6233719729047882,0.6501841527058702,0.2022631738458628,0.7225627175317295,0.6414912088864063,0.694987125032654,0.8047857328751649,0.6052436890232353,0.7206434914456239,0.8026753573990119,0.6137000034833758,0.587375154484434,0.5576284517313707,0.7624424132797512,0.693164622065711,0.7603006330883705,0.5575514165895272,0.6685082323940106,0.7145848983281197,0.674717670846709,0.615941418131843,0.5943904862693554,0.6584337792928834,0.7624959533775034,0.6647455934204087,0.4439191279395056,0.5509297031105214,0.4713660435243372,0.8165612512088354,0.45065823889948115,0.38735682430462925,0.6125260670038588,0.5891861207538907,0.6252485441439272,0.5897700790368927,0.7087710178010066
FUE_44,0.7640847592359817,0.7909944474416871,0.34279249293692526,0.8639818236321398,0.7822652345085059,0.8360896301424284,0.9486555459961487,0.7459105440261492,0.8620357447301028,0.9464323994069025,0.7543866456060544,0.7280079987520197,0.6982222677129091,0.9046567864154197,0.8342507258402685,0.9024580168185764,0.6981451535359493,0.8094135928508899,0.855897616611117,0.8156620806902148,0.7566337662665351,0.7350355461285363,0.7992834607697722,0.9047117767382455,0.8056291060534377,0.5844588838245152,0.6915169950979595,0.6119116153373305,0.961139090202512,0.5911991976541916,0.5278902638291404,0.7532098007369274,0.7298219893000448,0.765966885393283,0.7304069414711427,0.8500143520434793
FUE_45,0.5074934124809274,0.5345297366843236,0.0859640882393869,0.6083180915866178,0.5257533678036187,0.5800071306977149,0.6964072826885296,0.4892597010055608,0.60633630458847,0.6940198422930925,0.4977614212616106,0.4713131645800538,0.441477019395302,0.6500668870161679,0.5781466649340982,0.6477901004334529,0.4413998031985267,0.5530727801037771,0.6000926205309571,0.5593722853481464,0.5000159330064916,0.4783565059419679,0.5428700301091469,0.650123864838428,0.5492597812222454,0.3276439221786729,0.43476332648784627,0.3551041470720894,0.709939086770513,0.33438578568474825,0.2710671658240039,0.4965808097013905,0.4731310646753928,0.5093827408383841,0.4737173017599603,0.5941175244121099
FUE_46,0.4886883453058428,0.5552318264926143,0.3616086195097516,0.6354758549147859,0.5230790079206429,0.6075059717693505,0.7056770491768671,0.5150320784310308,0.649117245781434,0.7083774840166845,0.5356190134623704,0.34305086972727467,0.2937701278445544,0.6342927155575929,0.5435320978932897,0.6765640706405784,0.5406057879587568,0.5700318992647003,0.6112791593959654,0.6007037530098189,0.462334032354135,0.40662514493721874,0.5959477185493972,0.6327327728470088,0.5014340446827806,0.4522699535546371,0.24580818669313276,0.4870022463493307,0.719360337171852,0.4872121521304296,0.2525573153558062,0.5159893269853538,0.3334385232913998,0.578646069051234,0.5544132284849158,0.611579395222009
FUE_47,0.4242606089539807,0.49082584919132927,0.2971708101067047,0.5711556859916449,0.45865969844737814,0.543143090797856,0.6416010798698959,0.4506103674344929,0.5848258834947226,0.644317455931731,0.47120411422843117,0.2786126652025505,0.2293312970098081,0.5699703299961824,0.4791204683736517,0.6123535268329175,0.47619290122024555,0.5056347516905498,0.5469209953741823,0.5363330502970689,0.39790232656532765,0.3421889500028028,0.5315720274441841,0.568407527637366,0.4370089111123631,0.38783711905724905,0.181369074213865,0.42257420341685153,0.6553727064404548,0.4227841469196331,0.1881182308011133,0.45156788587445984,0.26900015549093753,0.5142551000249623,0.4900068206892998,0.5472216188058491
FUE_48,0.5170646266696782,0.5840631482087372,0.3897752997987843,0.6661327764874688,0.5516311473944584,0.6372478878363861,0.7418236083641503,0.5435340536329234,0.6803985062792162,0.7448987980670938,0.5642633753568655,0.3712093417806907,0.3219155910511068,0.6649018382620685,0.572244915679556,0.709629096173594,0.5692922757962907,0.5990487696171553,0.6411215058594646,0.6302794684472254,0.4906276381035438,0.4348253746746523,0.6254176553901023,0.6632802819991084,0.529864592945149,0.48054006933274324,0.2739478008008305,0.5153721385609915,0.7576109655216704,0.515582830430212,0.28069750936864607,0.5444969378055405,0.3615936037605894,0.6077930857553773,0.5832355170313976,0.6414300011255509
FUE_49,0.6178025116718996,0.6839806151498444,0.49089269462648333,0.762805228446061,0.6520514040883325,0.7355376413550833,0.8291432279771739,0.6440448424197174,0.7759776055609939,0.8316000171963954,0.6645173479919974,0.47234161951031656,0.4230714592187654,0.7616583329801623,0.6723755831590404,0.802128019088494,0.669470357017617,0.698633056523849,0.7392328615693303,0.7288649353728437,0.591515095949322,0.5358819551126935,0.7241916464452987,0.7601451805765037,0.6305043869302718,0.5814700530936161,0.3751142771018705,0.6161215768651874,0.8414887986218292,0.6163308472250743,0.381862933897389,0.6449975530317457,0.4627320314586004,0.7071441394678163,0.6831692242968272,0.7395266951253888
FUE_50,0.4165609177678779,0.48307555417533327,0.2894945531012867,0.5632060562631828,0.4509404065867312,0.5352926372393159,0.6330861214598104,0.4428966610934317,0.5768094156451382,0.6357656929616466,0.46347456566308337,0.270937327518571,0.22165741656406143,0.5620258450560983,0.4713833161873499,0.6041497559585504,0.4684586725963048,0.49786392845996463,0.5390595848299298,0.5285007682226438,0.39021186937715346,0.33450893672596843,0.5237513359698126,0.5604696802561437,0.42930316556174786,0.38014928769521283,0.17369584907789917,0.41487522539380495,0.6466539478148559,0.41508508114874804,0.1804449406921248,0.44385355181292857,0.26132519769947293,0.5064699145644428,0.48225752662602933,0.5393593079420594
FUE_51,0.42961721180554446,0.4964441151174693,0.30240667664164844,0.5778174470851445,0.46411749914208167,0.5492831058804813,0.6513388232535661,0.4560393104693642,0.5918421839551202,0.6542617361430649,0.47671494738478665,0.2838438008797417,0.23455493456013896,0.5766048987531065,0.48467065054554065,0.6203761569870945,0.48172795038468863,0.511359535536678,0.5531184012222656,0.5423780232130582,0.4032113215661101,0.34744415083524255,0.5375564671218438,0.5750070347282905,0.4423967518329985,0.3931325838801125,0.1865893402562301,0.42792712787485127,0.666264249237712,0.42813752395468313,0.193338831114035,0.4570000712495784,0.27422933635272156,0.5200545351264697,0.49561989829854897,0.5534237431350028
FUE_52,0.653555202812681,0.720295898590992,0.5263843646391666,0.8013230508664175,0.6880221779331157,0.7729622773066372,0.8738015639384361,0.6799534922530364,0.8152292969666982,0.8766532461333412,0.7006021546792506,0.507823043301659,0.4585366404915189,0.8001195721978815,0.7085448879767853,0.8434245238355206,0.7056071764614882,0.7351761569109612,0.7767785275131134,0.7660887089439016,0.6271649716864773,0.5714154853225976,0.7612872080657562,0.7985333987075777,0.6663244638109054,0.61709068288215,0.4105721538324231,0.6518663290571932,0.8883271054779958,0.6520765762437327,0.41732153487376983,0.6809131854574257,0.4982092210481571,0.743846490037327,0.7194733934457775,0.777082303082052
FUE_53,0.5309945734910517,0.5969235249420826,0.40420144807969594,0.6748028127063532,0.5651465041203337,0.647998523883252,0.7387378554299442,0.5571675141189603,0.6876705056173119,0.741050892674412,0.5775619402308645,0.3856549678923369,0.33639209379096374,0.673679618321628,0.5853828340707184,0.7129978198787734,0.5824919552996695,0.6114759817018256,0.6516418858755958,0.6414121967009198,0.5047530388576222,0.4491719475403737,0.6367942501165478,0.6721970969814074,0.5436664366475706,0.4947210666979,0.2884381892861197,0.5293171775670089,0.7503048989127441,0.5295260124598329,0.2951865210816379,0.558117123784644,0.37604727898858464,0.6199174803960975,0.5961170252529697,0.6519314658486968
FUE_54,0.4145417711939341,0.4810023668440161,0.28750046271157104,0.5609208645476955,0.44890031745573294,0.5331127525194356,0.6302071069190431,0.440862538501328,0.5744534462110913,0.6328483951381593,0.4614235230052833,0.2689442204740723,0.2196658683041748,0.5597461077788389,0.46932415570881564,0.6015962630299774,0.4664026331485399,0.4957688442112866,0.5368680490071362,0.5263402153456153,0.388202593635706,0.3325108287771079,0.5216031198277074,0.5581969813871919,0.4272775486984972,0.37814281941935013,0.17170500181677817,0.4128568410606121,0.643563515558446,0.41306660302821757,0.17845402392731102,0.44181875862555847,0.2593324970127872,0.5043595192472454,0.4801854073617793,0.5371668149507552
FUE_55,0.4071875076440968,0.4741621108920222,0.27990914316327614,0.5561341206935072,0.44174480411127187,0.5272984934486875,0.6315148050168515,0.4336503440926589,0.5703658477718399,0.6345678801441325,0.4543721849981918,0.26134361374386567,0.21205054217193586,0.5549057725968897,0.4623501230357914,0.5994975197268879,0.4593988691250472,0.48913793229808,0.5311667375458115,0.5203389495119788,0.3807548472356339,0.3249574656819452,0.5154827737311004,0.5532875523165685,0.41998463006541586,0.37066850720989813,0.16408305724445887,0.40549535420610805,0.6471763836339981,0.40570600490091574,0.1708327355424401,0.434612932480921,0.25172805280224225,0.49787535827226653,0.4733349561171599,0.5314747904974046
FUE_56,0.48642432104057615,0.553511566023423,0.359094382741685,0.6359449548793772,0.521025039822064,0.606876168486174,0.7128094469632521,0.5129181793082193,0.6503380177276881,0.7159693855147465,0.5336752472936939,0.34052683760498415,0.2912305720304285,0.6347043304990551,0.5416701539751301,0.6799408959816219,0.5387123709845306,0.5685335857407889,0.6107698149100651,0.5998746883012258,0.4599712943525284,0.404150947196152,0.5949918879657548,0.6330703016313088,0.4992348281248109,0.4498791733724346,0.24326165124540008,0.4847305926145642,0.7290807443248923,0.484941437077898,0.25001147189377043,0.5138821602471438,0.3309104438707766,0.5773035086887325,0.5526821661130283,0.6110799590233292
FUE_57,0.5793800379515663,0.646244875401283,0.45215205989318263,0.7277712924520411,0.61389497490523,0.6991600459747782,0.8017612481535228,0.6058126059933322,0.7418487065813768,0.8047165784820574,0.6265001109917184,0.43358850143712185,0.38429855320808004,0.7265547179185161,0.6344615231615984,0.7705340670107403,0.6315166269237952,0.6611757897457028,0.7030037650318252,0.6922410324974928,0.5529672651962098,0.4971923247632113,0.687410616279196,0.7249516654689758,0.5921640971699633,0.5428865725799087,0.3363324724751231,0.5776894220352378,0.8168693558669624,0.57789988356686,0.34308201155895357,0.6067738363406456,0.42397375483437655,0.669881665862863,0.6454199046632028,0.7033097999059504
FUE_58,0.6005172938425059,0.6672463179923982,0.4733518363329779,0.7482267829328229,0.6349797566787057,0.7198893811346798,0.8205663938612354,0.6269123579444172,0.7621171155011229,0.8234086831794452,0.6475573679161614,0.45479072576563184,0.40550465700394517,0.7470245237346044,0.6554983456731527,0.7902670346436953,0.6525613093492895,0.682121820916466,0.7237030632519111,0.7130200641653109,0.5741291847461528,0.5183820955817475,0.7082212700630693,0.7454399223997945,0.6132851622129865,0.5640554989369122,0.35754032054477153,0.5988285840614361,0.8350393595009504,0.5990388110732735,0.364289686694547,0.6278719065610366,0.4451769906020975,0.6907888198940083,0.6664240444143333,0.7240066276506532
FUE_59,0.5221450069325829,0.5879430512172075,0.39541346446510217,0.665332745452215,0.5562458990239645,0.6387670120872172,0.7280719018501907,0.548281409957082,0.6780449927549013,0.7303155299867615,0.5686347963314622,0.3768694127732047,0.3276103900975451,0.6642216906453604,0.5764360903788032,0.7029579836417774,0.5735527401922557,0.6024431961922401,0.6423835397574464,0.6322254564936732,0.49592766486647466,0.4403740512201668,0.6276362437525183,0.6627548686074056,0.5348010595852221,0.4859025896536935,0.27965821833570803,0.5204694760641757,0.7392658257658655,0.5206780814493043,0.28640637831051796,0.5492293882404753,0.3672627276793646,0.6108483629556856,0.5871391138189879,0.6426709201755861
FUE_60,0.42071683415386574,0.48685716841253346,0.29382466303786864,0.5655373232384381,0.45495104307125095,0.5383407635196583,0.6314997754414918,0.4469486586926419,0.5786627485909599,0.6339337138356943,0.46740933069099905,0.27527428219295436,0.2260052227210719,0.5643940720673837,0.47526190208393176,0.6046853602302827,0.47235885242723674,0.5014944173995137,0.5420280553860172,0.5316812513142216,0.39443635980425046,0.3388110883794503,0.52701640751291,0.5628856278014095,0.4334141665478289,0.38439329363661184,0.1780485357605314,0.41903643489899295,0.6437210663554358,0.41924563935945897,0.18479714345853132,0.44790089956809576,0.26566498108066183,0.5099949151519263,0.4860465202346138,0.5423212383877202
FUE_61,0.40652292669722,0.541648273131557,0.5053317945621172,0.6454735428414402,0.4740141237121026,0.6115898525830747,0.7143379291967988,0.5018259573413095,0.679929177895804,0.722288533870364,0.5369606256299502,0.26473650024823675,0.21671601504177784,0.6295545942952643,0.4789179801475754,0.7021931942457816,0.5925894011225803,0.6389346957977219,0.5999389158264811,0.6583742375445484,0.3327206978747256,0.10992692925985464,0.6537665132393301,0.6404087060952272,0.4028873431365184,0.5624196917230149,0.30997127486572806,0.5475155565741103,0.7289915361249757,0.5712963831935386,0.4717094679721844,0.49547701169460695,0.400331390632249,0.6145982883608444,0.5943309672208488,0.6652679752700842
FUE_62,0.5692548278439385,0.7050947493655774,0.6684228943400998,0.8124233636848173,0.6369273135861392,0.7767116463595357,0.8908039124928437,0.6648924495397066,0.8502085329637874,0.9008662016798431,0.7003488171628799,0.4273839125627345,0.37935811212827203,0.7955167915787851,0.6418535134919551,0.8760081013945369,0.7570556301699006,0.8054465866502646,0.7646348373209433,0.8263450238689399,0.49538744225798026,0.2725652249555725,0.821346509402077,0.8070151344730591,0.5656139504979528,0.7261844825584043,0.47262914528587946,0.7110414472100114,0.9096357185951229,0.7352332745940003,0.6346127447411327,0.658502298159893,0.5630544549886805,0.7798439722727922,0.7588491576972618,0.8338846967882286
FUE_63,0.36202071259708035,0.4980464969781026,0.46128187599137566,0.6063259541094967,0.4297401012206987,0.5701097219711602,0.687662273855576,0.45774503208880946,0.6450796928579453,0.6984645608848445,0.4932853051636313,0.22012799630778795,0.17210082559037035,0.5891444938433996,0.4346720935664635,0.6719832757752312,0.5502772638906335,0.5992266075658161,0.5579180269664764,0.6205376385871282,0.28813651109765587,0.06530695849590919,0.6154274002064403,0.6008215228341542,0.358378468194476,0.5192198833953356,0.2653759255883715,0.504014015093228,0.7079915656508101,0.5283141261349803,0.427422963276895,0.45134417236367713,0.3558180578272409,0.5732756546839213,0.552084691846872,0.6282639443890672
FUE_64,0.456171300452917,0.5918215602615863,0.5552442261169269,0.6981972685028508,0.5237958180809315,0.662987578056417,0.7737898196993015,0.5517203118301363,0.735040670456199,0.7831925409271705,0.5870911570736135,0.31432270588843486,0.2662983089243098,0.6815632354365343,0.528716098994303,0.7598007165144841,0.6435090370711842,0.6913417214354741,0.651026214664194,0.7118339296497401,0.38232113027379994,0.1595064254442991,0.7069448958000485,0.6928841504034237,0.4525318222937611,0.6128262978235999,0.35956517692542894,0.5977470824803539,0.7913018096545736,0.6218290049294882,0.5214838748158627,0.5453410916960001,0.44997326317881464,0.6660862130209882,0.6452885465896915,0.7191915701141786
FUE_65,0.3789708587589355,0.5142332336429418,0.4778487641320674,0.6187123877545857,0.4464969389199011,0.5844911896818831,0.6892093774156749,0.47433820749328554,0.6537625528396992,0.6974952690953791,0.5095344562859826,0.23716814749729875,0.18914663721767333,0.6026120852875725,0.4514050890311537,0.6766301664079147,0.5653677487717506,0.612093411098768,0.5727604739123394,0.6317981346235949,0.30515607283979196,0.08235681827229097,0.6271198683116712,0.6135847577456948,0.375334255363753,0.5350652899246009,0.2824049388188249,0.520115668413769,0.7045173484877497,0.543974662835923,0.44419037781568776,0.4679813557834844,0.3727776202698437,0.5875227518110437,0.5671191011928599,0.6388076879807547
FUE_66,0.3762501679243829,0.5121865790608845,0.47546658221735694,0.6200066789305613,0.44394701591824537,0.5840346262788949,0.6998921846227651,0.4719328152836981,0.658288816183539,0.7103258322364128,0.5074327300710898,0.2343679258201633,0.18634141338550597,0.6029583863830115,0.4488762239240015,0.6846503170222439,0.5642873262748035,0.6129667473181571,0.5718983939383944,0.6340775387416069,0.3023740457121554,0.0795480170400649,0.62902158864498,0.6145488861260929,0.3726085803725462,0.5333196957249172,0.27961455965516224,0.5181440771125126,0.7194732370832678,0.5423920473783882,0.44163111285964396,0.4655371042380677,0.3700486095770894,0.5871843250042078,0.5660880497867576,0.6417130466443133
FUE_67,0.30740747386945544,0.44328250670559904,0.4065931377695758,0.5507894364541549,0.3750888279417354,0.5149833773678392,0.629710506161847,0.4030614840691706,0.5887540111277928,0.6399049036132868,0.4385336949735531,0.16553243466415327,0.11750637498551222,0.5338315376939469,0.3800161227029499,0.6147553504903654,0.4952942224417277,0.5437897959167343,0.5028849993753232,0.564765052571195,0.23353690745219166,0.010713302418366778,0.559745776965367,0.5453632652419363,0.3037663379621506,0.4643880154472798,0.21077817753634848,0.4492331324790968,0.6488083377445515,0.47344537158363204,0.3727737734735905,0.3966693094770098,0.30120666941662805,0.5181220066686031,0.4970903634343407,0.5723393398986725
FUE_68,0.4209778739533471,0.5562619674863474,0.5198667147587042,0.6608455170128965,0.4885094778168455,0.6265702777078789,0.7316087122844345,0.5163554101300319,0.695991697528733,0.73995027428792,0.5515614240364823,0.2791725852231107,0.23115091272644778,0.64471613474466,0.4934183080708689,0.7189578728584826,0.6074272271317499,0.654213679744095,0.6148268367741551,0.6739610368739327,0.3471611004995246,0.12436097776038635,0.6692714091180804,0.65570780722724,0.41734110912187483,0.5771036521419796,0.32440969569540623,0.5621468070604556,0.7470256540476353,0.5860182188354036,0.4862026149092214,0.5099973055179049,0.4147843659780624,0.6296055320994646,0.6091801382796864,0.6809892754349293
FUE_69,0.4916291203185814,0.627546032467519,0.5908357672799504,0.7352664411198541,0.5593210473417215,0.6993472710961274,0.8148428148658017,0.5873026716823283,0.7734471441054249,0.8251992775174267,0.6227937842283846,0.3497491656212936,0.3017227969612995,0.718246958199862,0.5642496476313001,0.7996931829631608,0.6796184726723626,0.728239354249807,0.6872230852104189,0.7493069151408847,0.41775476246224397,0.19492950343264764,0.7442626690806137,0.7298187297097661,0.4879876761996279,0.6486703742775403,0.3949955165250814,0.6335013464911029,0.8342677701586286,0.6577379586840111,0.5570054138223423,0.5809080840697665,0.48542780139205466,0.7024934462479518,0.6814177384631593,0.756922875221253
FUE_70,0.47779173390684304,0.6134591519508629,0.5768732725960953,0.7199203604501498,0.5454205955274016,0.6846657717870824,0.795756410155791,0.5733487674845639,0.7568471152172829,0.805215313067973,0.6087273456535095,0.3359411169538637,0.2879165928053078,0.7032619935304015,0.5503414122565656,0.7816978577722171,0.6651712805211873,0.7130540010950107,0.6726940375578115,0.7335823657303296,0.40394000396779517,0.1811246183676939,0.7286836084263105,0.7145987611574224,0.4741521289922301,0.6344715636486858,0.3811838382511782,0.6193865869669222,0.8133802855552548,0.6434784277668545,0.5431084145675124,0.5669685582607754,0.4715934850458038,0.6877674300582095,0.6669520513702616,0.7409561392947361
FUE_71,0.41376897003503144,0.5498083960098479,0.5130369609782497,0.658158320407709,0.4814917970747368,0.621904556469344,0.7397211329225423,0.5094996474315195,0.6969850234374968,0.7505819366165382,0.5450460825742728,0.27187465646354864,0.22384738537016846,0.6409563707163506,0.4864242142504468,0.723973257400144,0.6020590484619918,0.6510498260092137,0.6097043598617647,0.6723917267942766,0.33988353644129427,0.11705344649591659,0.6672731079297215,0.6526467075737711,0.4101266254556482,0.5709879363340019,0.31712278327918264,0.5557774449388262,0.7601696135889019,0.5800855263065672,0.4791744707211307,0.5030980019117784,0.4075661480496791,0.6250729792426657,0.6038675030945608,0.6801320676918152
FUE_72,0.34831712660506253,0.4841933032458952,0.44750336368532095,0.5917060520495188,0.41599876951469217,0.5558969121462425,0.6706448649874561,0.4439716706035151,0.6296764985146511,0.6808436229794884,0.47944439768403657,0.20644195309976818,0.15841588497886644,0.5747464765801268,0.42092609993774094,0.6556844623124576,0.5362066761728452,0.5847056644465265,0.5437978304676642,0.6056834322870369,0.27444645659983097,0.05162280637439149,0.6006634776993088,0.5862792945583375,0.3446759822771657,0.505299326114237,0.25168771258502065,0.4901440570185682,0.6897514869985608,0.5143569614110636,0.4136836992289445,0.43757943010447375,0.3421163080963747,0.5590357471416316,0.5380029024002626,0.613258852173381
FUE_73,0.5301386728096643,0.6657794445414771,0.6292068351842515,0.7721079329490868,0.5977607879390826,0.7369230263721479,0.8475665481056415,0.6256832476109292,0.8089053965515034,0.8569384802219826,0.6610498170875976,0.3882911968397151,0.3402668702238804,0.7554873288011357,0.6026807725307288,0.8336155637264532,0.7174532965540258,0.7652583517753607,0.7249673915878904,0.7857306161856475,0.45628936533768666,0.2334750370545016,0.7808469440290993,0.7667994943816561,0.5264992647580339,0.6867799397943442,0.43353352945328877,0.6717039092792395,0.8650172636219687,0.6957803492130414,0.5954489761274181,0.6193045744328916,0.5239407525628867,0.7400199916080425,0.7192321091692332,0.7930793633871885
FUE_74,0.6310380180968033,0.7665506917031516,0.7300418365798292,0.8722457905294337,0.6986276707699399,0.8373924734859172,0.9459441778461775,0.7265226600956946,0.9084335454778797,0.9549188375937161,0.7618315269215288,0.4892056626508169,0.4411822870932194,0.8558046226628901,0.7035436527179618,0.9324888042542819,0.8180410832277452,0.8654758575020477,0.8255137504064956,0.8856822828146946,0.5572003718653342,0.33439113409680477,0.8808699605710565,0.8669998172898217,0.6273995576044601,0.7874940019840327,0.5344461239243697,0.7724608967238799,0.9626069071667179,0.7964634625447243,0.6963176346870454,0.7201513723322911,0.624841679576471,0.8404670400660441,0.8198105272984335,0.8929128752608861
FUE_75,0.31438496115903103,0.4499662547724356,0.41342325566743654,0.5559996986417842,0.3819920095431628,0.5209694499456384,0.6306300518078803,0.40990171620391685,0.5925116534335889,0.6398133573030521,0.4452414877400007,0.1725445016341822,0.12452061631207127,0.5394628398763344,0.3869101361068254,0.6169135110957132,0.5015548102963236,0.5491873060332596,0.5090496258606257,0.5695353496912043,0.24054106498473,0.017729098742692916,0.5646850451560789,0.5507204279165968,0.3107459928340941,0.47094017719050396,0.2177859659302589,0.4558840944812699,0.6477060195095932,0.4799261998499101,0.37968102200492665,0.40352647197094466,0.3081877749301407,0.5240559818030314,0.5033292636215905,0.5768287962554547
FUE_76,0.010640969636124388,0.35732154420252665,0.4652501834550175,0.5328204407064586,0.1998390140360992,0.4784198216562485,0.6498433595528627,0.3003085951067582,0.6061126072036812,0.6666842427771646,0.37135231593118717,0.39749715862595325,0.3747814263149736,0.5767239624262893,0.41686466238787234,0.6398225664119754,0.5031464107529471,0.59370077308136,0.4574170212091161,0.602596732654127,0.15856408272492978,0.2857276864068195,0.5941083980207805,0.596094224979419,0.3747748519633533,0.5141889277795136,0.4055609264484327,0.45727886739071544,0.6769503549545014,0.5047133797269864,0.45717293455325053,0.2758677535300363,0.45200206714999186,0.5155112548335004,0.4932067470998511,0.6156851228192175
FUE_77,0.009467187716862249,0.3559846322499861,0.4631759165657357,0.5290524227951603,0.19865239486348454,0.47613817672163544,0.6336712746462522,0.2990690876867677,0.5969957728417578,0.6465542787925096,0.36997466866163287,0.3960147320870061,0.37339237260045716,0.570449847476345,0.41527145025775036,0.6256422440636338,0.5003396385490156,0.5859313152812087,0.4554473214340973,0.5938858091379193,0.1573839507639621,0.2845018757861501,0.5862983519974424,0.5880830362406058,0.37338582071402765,0.5110744014619409,0.4040364402159067,0.45531089930209034,0.6539911275105686,0.5018660607146517,0.45520629174343313,0.27464956594066886,0.45009751354974004,0.5123562437091089,0.4906355059024316,0.6053569553332915
FUE_78,0.06366390565341917,0.41022442844043283,0.5176094077211365,0.5839245552151519,0.2528525057456553,0.5306258434694745,0.6914988830709092,0.3532831718215704,0.6531967359702633,0.7052344399210813,0.4242252091659588,0.4502928856259422,0.42764592074403984,0.6259551275687557,0.4695787629871912,0.6830247515765717,0.5549639024690595,0.641805493341725,0.5098534454776693,0.6499888809868842,0.21158234710948734,0.3387123420076285,0.642182451458746,0.6440162319716793,0.42763936293440646,0.5657783285760369,0.4583256684698899,0.5097165698499575,0.7132553811594082,0.5565008367925617,0.5096116152197991,0.3288580183415932,0.5044865707198043,0.5670706290254829,0.545198607057879,0.6618472184817864
FUE_79,0.04036695924894562,0.38703982182307334,0.49493336456998394,0.5624215087579377,0.22956439745471888,0.5080930614363047,0.6787749266667605,0.3300314798237234,0.6354401768312733,0.695374703049705,0.4010686648183181,0.4272085409761969,0.40449723491775263,0.6061996244640961,0.44657078494820757,0.6688701931807027,0.5327943372998514,0.6230993235582921,0.48710520329775026,0.6319458373309493,0.18828977249402434,0.31545121841966195,0.6235048311954752,0.6254801463826141,0.4044906616303232,0.5438219258837912,0.4352703129581232,0.4869671322316813,0.7054595583825809,0.5343593434029613,0.4868612627240326,0.3055916457410736,0.481693360898186,0.5451422839508927,0.5228660519895398,0.6449476415159657
FUE_80,0.047328813843217674,0.39380340093761,0.5008027021200615,0.5662487460992871,0.23651064331747781,0.5137114750294554,0.6681145308926165,0.3369134296081049,0.6329233840135265,0.6802480864227113,0.40778275720164275,0.4337953891314962,0.4111974721128728,0.6070351493740639,0.4530231657816813,0.6604844317169085,0.5377784794692678,0.622166108622204,0.4931011611114986,0.62990511582909,0.19524390599135202,0.32234981775626614,0.6225237735482678,0.6242621234323495,0.4111909261127146,0.5484350932003328,0.4418061020772774,0.49296518748533513,0.6871823069398314,0.5392945780604974,0.49286092318364605,0.31249951196595044,0.4877682367338761,0.5497066905109257,0.5281344800578359,0.6410151793254802
FUE_81,0.04203551906005899,0.38857052888657745,0.4958407051704259,0.5618953395779513,0.23122210994864684,0.5088250053576682,0.6676952697264903,0.33164450100653053,0.630373832863854,0.6809128161615314,0.4025649452191468,0.4286162630745505,0.4059838751433382,0.6035485836050217,0.4478848626844785,0.6594904886819452,0.5330819886112009,0.6191783973322149,0.4881009721217835,0.6272246762296485,0.1899529666166908,0.3170758138075414,0.619549416607304,0.6213538031125634,0.4059773208425039,0.543849098570008,0.4366424841795186,0.4879643654011341,0.6885772793159918,0.5346126806025031,0.4878596165716832,0.3072226827525796,0.48274421687947844,0.5451351855432051,0.5233530045069229,0.6388506299259111
FUE_82,0.10669352702152782,0.453348984419772,0.5611634053831596,0.6284669914103495,0.2958895968581636,0.574300716456632,0.7433441575240808,0.39635103933129906,0.7008765175970425,0.7594243911131978,0.46737347554455677,0.4935021475208678,0.4708008266586887,0.6719647416433161,0.5128525288824247,0.7336917606004703,0.5989450439958224,0.6886929371054441,0.5533465095886426,0.6974298333520782,0.25461566342056347,0.3817722388887156,0.6890937451788556,0.6910457359560687,0.47079425577224493,0.6099390821714848,0.50155941782624,0.5532086249596153,0.7691227601756467,0.600505637240656,0.5531028981315488,0.371913479206768,0.5479416781566286,0.6112550170316552,0.5890423478698583,0.7102403467525169
FUE_83,0.009654312132146032,0.35625905727770885,0.46384363466730716,0.5306154317313896,0.1988463930628107,0.47691612033242775,0.6414447670492652,0.2992913983609421,0.6013115780475158,0.6561812699915562,0.37027087721297713,0.3963669420905432,0.37369467966303893,0.5733167350782237,0.4156828248181145,0.6324595689335613,0.5013959383104376,0.5895643611738224,0.4560593956851864,0.597996683277922,0.15757447542824932,0.2847168552604582,0.5899520703297843,0.5918391044953574,0.3736881157659904,0.512293327432468,0.4044111177145386,0.45592205169852806,0.6649052548771939,0.5029438079848915,0.45581673862628547,0.2748604648737035,0.4506748994067624,0.5135965351800578,0.49156709154017886,0.610280441291342
FUE_84,0.01435651790146679,0.3609551387448924,0.4685120279689049,0.5352201944130403,0.20354811690902982,0.4815767248360623,0.6455843323850166,0.3039911366960451,0.6057153605289011,0.6601736058143821,0.3749654292961043,0.40105756015268346,0.3783888034921049,0.5778273153108108,0.4203692831270694,0.6366735417673953,0.5060368171196394,0.5940187520436521,0.460731716112775,0.6024157092277129,0.16227644281117545,0.2894171078010432,0.5944049363239463,0.5962844139585128,0.37838224043851243,0.5169226442665503,0.40910015655479376,0.46059443715991644,0.6687929832080421,0.5075831635594028,0.46048917385872945,0.27956100359666874,0.45534966637730256,0.5182243309667594,0.4962168182097193,0.6146387520799611
FUE_85,0.0,0.34667660550744966,0.4545871789951314,0.5221151498711121,0.18919773242420118,0.46775169905354125,0.6387922947559156,0.2896660275312358,0.5952662783150438,0.6555082201539302,0.36070638455610515,0.38684867100717923,0.36413521686384304,0.5659540388040534,0.40621346748352744,0.6288315695240798,0.4924652542561728,0.5828910761524747,0.44675659127538836,0.5917615197308832,0.14792295877543837,0.27508545196625916,0.5832976086783059,0.5852780118678581,0.36412864305994663,0.5035000833732698,0.3949114115562142,0.44661848005746724,0.6656802413266094,0.4940312124334235,0.44651257982185155,0.2652257044670616,0.44134323906413114,0.5048213963645992,0.4825314496752605,0.6048052047811294
FUE_86,0.20216061970900365,0.5487101781092559,0.6560457886461114,0.7222487176832545,0.3913483564225779,0.6690483959621724,0.8290516801435738,0.4917754664597033,0.7911773829058873,0.84255973267543,0.5627082232949417,0.5887688677865567,0.5661281690553475,0.7641162843982546,0.608047316942806,0.820695430455651,0.693351548970521,0.7798711152761096,0.6482968085528008,0.7879950170922381,0.350078634076644,0.4772055574211656,0.7802454982911217,0.7820665314409391,0.5661216127539318,0.7041455919875095,0.5967988296857311,0.6481600486060959,0.8504235039699413,0.6948857946888397,0.6480551825090606,0.4673517462645702,0.6429342869110691,0.7054352151177475,0.6836018900266214,0.7997523656485119
FUE_87,0.0548429199579691,0.4015284180423514,0.5094794761946156,0.5771022654706723,0.2440413513309267,0.522655468424803,0.6945577191854087,0.344512527548845,0.6505702149689329,0.7115562344041947,0.4155604212741388,0.4417084354043084,0.4189898766424617,0.6210862327955591,0.4610792983076042,0.6844614022157685,0.5473982439504994,0.6381126396225947,0.5016431181843757,0.6470404539353731,0.2027662244556652,0.3299312056114687,0.6385216277621963,0.6405142237152375,0.41898330161132524,0.5584503118934141,0.4497734778074264,0.5015049114883748,0.7219415080404061,0.548966468518148,0.5013989381841063,0.32007104278508,0.4962261758958829,0.5597738989421576,0.5374513031516596,0.6601847248849423
FUE_88,0.030966015992953077,0.3776478373591035,0.48558215290960294,0.5531657049775823,0.22016415839008646,0.49875339962953436,0.6702977758782579,0.320634143411595,0.6265022985774759,0.6871782992424391,0.3916789209342645,0.41782456669256895,0.39510811867569884,0.5970895698662134,0.43719292101562046,0.6602579642761152,0.5234840857645288,0.6140789127974371,0.47774818161210136,0.622982917745745,0.17888917755426167,0.3060531300652387,0.6144868820949839,0.6164744188875657,0.3951015441520105,0.5345290199090683,0.42588865725291686,0.47761001440675316,0.6974743280881759,0.5250513725161311,0.4775040713243587,0.29619313895681465,0.47233272418998057,0.5358516658184347,0.513542580249194,0.6360854140773876
FUE_89,0.22428938231790682,0.570909390102782,0.6785630350132515,0.7454939597038847,0.4134826640825102,0.6916549687678721,0.8575040062458658,0.5139326171242802,0.8166964355806208,0.8726206872783427,0.5849250222900136,0.6110308948726806,0.5883498922945977,0.7884318302713635,0.630357150390946,0.8483278753278294,0.7161840780288845,0.8048211853279982,0.6707689934526714,0.813342938427482,0.37221013961031946,0.4993567926104193,0.8052127469497308,0.8071188768808343,0.5883433262949511,0.7271103837198788,0.6190790081744328,0.6706314871517893,0.8816167337762715,0.7177357562613433,0.6705260498591471,0.48949968906556074,0.6653783913874082,0.7284173969974341,0.7063331152335769,0.8257806468914738
FUE_90,0.298344600716784,0.6449416853204198,0.7524916314829339,0.8191838564011991,0.4875360788304325,0.7655543759243445,0.9294320558962879,0.5879786005497297,0.8896288023001726,0.9439848579873111,0.6589515922650891,0.6850427364274189,0.6623748590466891,0.8617674184241361,0.704353416175234,0.9205397377711932,0.7900095248968119,0.8779448208284675,0.7447123041577233,0.8863329529788574,0.4462644658253876,0.5734047006418753,0.8783306244606583,0.8802082159607967,0.6623682962046509,0.8008924554806622,0.6930849367655549,0.7445750415094906,0.9525783867120838,0.791555489690333,0.7444697906864208,0.5635486682261982,0.7393308678095926,0.8021937611699864,0.7801917430449815,0.8985408592550339
